2 2 4 : 6
9 10 9 4 5 : 1
5 -1 -1 0 -1 : 2
2 0 : 22
2 3 : 15
2 2 : 7
2 5 : 4
2 4 : 32
2 9 : 1
3 0 2 0 3 : 1
4 5 7 5 : 3
5 7 10 9 7 : 1
4 5 7 7 : 2
7 7 2 0 4 : 1
7 7 5 : 3
7 7 7 : 1
2 3 2 3 2 : 1
7 7 2 0 : 1
7 7 2 : 1
5 4 5 2 3 : 2
2 3 0 2 0 : 1
7 5 7 11 : 1
2 -1 0 -1 -1 : 1
-2 2 3 : 1
2 -1 0 -3 : 1
5 7 12 10 9 : 1
2 -1 0 -1 : 1
2 4 2 4 : 5
0 2 2 -3 -2 : 1
9 10 9 7 : 5
5 2 4 5 : 2
4 2 4 5 7 : 3
4 2 4 5 4 : 5
4 2 4 5 2 : 1
-2 -2 2 : 1
5 7 7 : 2
5 7 5 : 6
9 -2 : 1
7 2 0 4 : 1
-1 0 2 : 6
-2 2 3 2 : 1
7 12 10 : 2
-5 -5 -5 : 1
9 4 5 4 2 : 2
-1 0 2 9 -2 : 1
0 4 2 : 5
0 4 2 4 : 4
3 2 3 2 : 1
3 0 2 : 1
7 11 12 11 12 : 1
2 -3 -2 : 2
-1 0 2 2 -3 : 1
5 9 : 3
12 12 11 : 1
5 7 : 18
5 4 : 30
5 5 : 3
5 2 : 7
12 12 14 : 1
7 7 5 4 5 : 1
12 15 : 4
12 14 : 6
12 16 : 1
12 11 : 3
12 10 : 2
12 12 : 4
7 11 11 : 3
7 11 12 : 1
7 5 4 5 2 : 1
7 9 10 9 : 1
7 5 4 5 4 : 1
5 2 4 5 7 : 1
-1 0 -3 : 2
-1 0 -1 : 3
7 7 5 4 : 1
7 7 5 5 : 1
5 2 3 2 3 : 1
0 -3 -2 : 2
11 12 15 14 : 2
4 2 3 2 0 : 4
7 5 4 2 : 2
7 5 4 5 : 2
11 11 12 : 2
11 11 11 : 1
7 9 4 5 4 : 1
16 11 12 : 1
5 9 7 9 7 : 2
7 9 7 9 4 : 1
7 9 7 9 7 : 1
9 10 : 8
0 5 -1 -1 0 : 1
15 14 12 : 3
4 5 7 12 10 : 1
-1 0 2 4 5 : 1
12 9 7 : 1
2 2 -3 : 1
5 4 5 2 : 2
14 12 16 11 : 1
5 4 5 4 : 7
0 -1 0 2 5 : 1
4 5 9 7 : 1
-1 -1 0 5 7 : 1
5 7 10 9 : 2
7 5 7 5 5 : 2
-1 0 5 7 : 1
2 -1 : 3
2 -3 : 2
10 9 10 : 2
0 3 2 5 -1 : 3
15 14 12 16 : 1
7 10 9 10 : 2
7 11 11 12 : 1
0 2 0 3 2 : 2
11 11 12 14 : 1
-3 -2 2 : 2
14 9 10 9 7 : 2
12 12 11 12 : 1
10 9 4 5 : 1
7 9 4 5 : 1
2 4 2 : 7
2 4 5 : 21
2 4 4 : 2
-2 -3 -5 -5 : 1
9 -2 -2 2 3 : 1
2 4 5 7 10 : 2
11 12 : 10
2 4 5 7 12 : 1
0 3 : 6
0 2 : 9
2 -3 -2 -2 : 1
0 5 : 4
0 4 : 5
2 2 4 5 9 : 1
12 16 11 12 : 1
2 0 2 0 3 : 2
14 9 10 9 : 2
0 4 2 4 5 : 4
12 15 14 : 4
9 7 9 4 : 1
0 2 4 5 4 : 1
9 7 9 7 : 4
-1 -1 -1 : 2
10 14 : 1
5 7 12 : 1
5 7 11 : 5
5 7 10 : 2
7 9 7 10 9 : 1
9 7 10 9 10 : 1
14 12 16 : 1
14 12 15 : 1
14 12 14 : 2
12 12 14 9 10 : 1
5 7 5 4 : 2
11 12 14 9 10 : 1
-1 -1 0 5 : 1
5 7 5 5 4 : 2
7 12 10 9 : 1
4 5 4 2 : 10
3 0 : 1
9 7 7 : 2
4 5 4 4 : 2
4 5 4 5 : 7
9 7 9 : 6
3 2 : 20
5 2 3 0 2 : 1
7 9 7 9 10 : 1
10 9 10 9 : 1
5 -1 -1 0 : 4
12 14 12 : 2
4 -1 : 2
2 0 5 7 11 : 1
4 5 2 4 5 : 1
10 9 4 5 4 : 1
0 2 9 -2 -2 : 1
-1 0 -1 -1 : 1
14 12 15 14 : 1
4 5 2 3 0 : 1
-1 -1 -1 -1 0 : 1
12 15 14 12 : 3
2 4 5 9 : 1
0 5 -1 : 1
2 4 5 4 : 8
2 4 5 7 : 9
4 5 7 7 5 : 1
2 4 5 2 : 1
4 5 7 7 7 : 1
5 4 4 : 2
5 4 5 : 11
7 10 9 : 3
5 4 2 : 15
0 -1 -1 : 1
4 2 4 4 5 : 1
15 14 12 14 11 : 1
0 -1 0 2 : 2
4 2 4 : 13
7 5 7 : 3
7 5 5 : 3
7 5 4 : 4
-1 0 -1 0 : 2
2 -1 0 : 3
2 5 -1 : 3
0 5 4 2 : 1
11 11 11 12 : 1
-1 -1 0 -1 0 : 2
2 4 2 4 2 : 1
2 4 2 4 5 : 4
14 12 16 11 12 : 1
-2 -3 : 1
-2 -2 : 2
7 2 0 4 2 : 1
5 7 11 12 : 1
0 2 4 : 1
2 5 -1 -1 0 : 2
10 9 7 5 : 2
0 3 2 : 5
2 0 5 : 2
2 0 4 : 1
2 0 3 : 3
2 0 2 : 2
9 4 5 4 : 2
0 2 2 -3 : 1
9 4 5 2 : 2
2 3 0 2 : 1
11 12 14 12 : 1
5 2 3 : 5
4 5 7 5 4 : 1
5 2 4 : 2
12 11 12 15 : 2
7 7 5 5 4 : 1
12 15 14 12 16 : 1
-2 -2 2 3 2 : 1
9 7 10 : 1
12 9 : 2
2 -1 0 -3 -2 : 1
7 10 9 7 : 1
5 4 2 2 4 : 2
5 4 2 2 : 2
5 4 2 3 : 4
-1 0 -3 -2 : 2
7 5 7 5 : 2
4 5 4 : 20
2 4 5 2 3 : 1
0 -1 -1 -1 -1 : 1
4 5 2 : 5
16 11 : 1
12 16 11 : 1
7 2 0 : 1
3 2 5 -1 : 3
7 9 10 : 1
-1 0 -1 0 2 : 2
2 9 -2 -2 2 : 1
-2 -3 -5 : 1
4 5 4 4 2 : 2
3 2 2 4 4 : 1
9 7 7 5 : 2
-1 0 -1 -1 -1 : 1
11 12 14 : 3
11 12 15 : 2
11 12 11 : 1
10 9 10 9 7 : 1
5 7 7 7 : 1
5 7 7 5 : 1
4 4 5 4 : 1
2 4 5 7 5 : 3
4 2 4 5 : 10
2 4 5 7 7 : 2
4 2 2 4 2 : 2
4 2 2 4 5 : 2
9 -2 -2 : 1
14 12 14 11 : 1
14 12 14 12 : 1
12 14 9 : 2
-1 -1 0 -1 : 2
9 7 9 10 : 1
2 0 2 0 : 2
9 4 5 : 4
0 2 0 2 0 : 1
4 5 2 3 2 : 3
4 5 4 2 3 : 4
14 9 : 3
5 7 12 10 : 1
7 7 12 : 1
9 7 9 7 9 : 2
9 7 : 20
9 4 : 5
10 9 7 9 : 1
2 0 5 -1 : 1
7 9 7 9 : 3
2 2 4 4 5 : 1
11 11 : 5
15 14 12 16 11 : 1
11 11 11 12 14 : 1
2 0 5 -1 -1 : 1
9 7 9 10 9 : 1
-2 -2 2 3 : 1
15 14 : 4
2 2 4 5 7 : 1
2 0 3 2 : 2
5 5 4 5 : 2
-1 0 : 16
7 7 7 12 10 : 1
16 11 12 9 : 1
9 7 9 4 5 : 1
9 7 10 9 : 1
14 12 : 6
14 11 : 1
12 14 11 : 1
2 4 5 4 5 : 4
2 4 5 4 2 : 3
7 9 7 : 6
9 10 9 7 9 : 1
7 9 4 : 2
2 2 4 2 4 : 2
3 0 2 0 : 1
0 5 7 11 11 : 1
0 -3 -2 2 : 2
2 9 -2 : 1
12 14 9 10 9 : 2
5 5 4 5 4 : 2
4 2 4 2 4 : 1
2 4 4 5 : 2
14 9 10 : 3
-1 0 5 : 1
2 0 5 7 : 1
0 2 4 5 : 1
10 9 7 5 4 : 1
7 5 5 4 5 : 2
-1 0 -3 -2 2 : 2
14 9 10 14 : 1
2 3 0 : 1
2 3 2 : 14
5 2 3 2 0 : 3
0 2 9 -2 : 1
5 5 4 : 3
-1 -1 0 : 6
9 7 5 4 2 : 1
-3 -5 -5 -5 : 1
12 12 11 12 15 : 1
4 5 2 4 : 1
5 7 11 12 11 : 1
9 4 5 2 3 : 1
9 4 5 2 4 : 1
2 4 5 9 7 : 1
2 5 -1 -1 : 2
9 10 9 : 6
5 2 3 2 : 4
0 2 5 : 1
5 2 3 0 : 1
11 12 9 7 : 1
0 2 2 : 1
0 2 0 : 4
0 2 0 2 : 1
-1 -1 -1 0 : 1
4 5 7 5 7 : 2
0 2 9 : 1
3 2 5 : 3
5 4 2 3 2 : 4
3 2 0 : 12
3 2 2 : 1
3 2 3 : 1
4 5 : 41
4 4 : 4
4 2 : 35
12 10 9 : 1
-2 -3 -5 -5 -5 : 1
4 2 2 4 : 4
4 5 4 2 2 : 1
5 9 7 9 : 2
4 5 7 10 : 2
4 5 7 12 : 1
9 7 7 5 5 : 1
9 7 7 5 4 : 1
2 3 2 0 : 12
2 3 2 3 : 1
12 11 12 15 14 : 2
12 12 12 : 1
5 7 10 9 10 : 1
11 12 14 12 14 : 1
4 4 5 : 2
5 7 7 7 12 : 1
10 9 7 : 8
4 4 2 : 2
3 2 2 4 : 1
12 16 11 12 9 : 1
0 5 4 : 1
0 5 7 : 2
10 9 4 : 1
11 12 11 12 : 1
0 5 -1 -1 : 1
7 9 7 10 : 1
7 11 12 11 : 1
-1 -1 -1 -1 : 1
7 10 9 10 9 : 1
4 5 4 5 4 : 4
15 14 12 14 : 1
7 5 7 11 11 : 1
10 9 : 12
4 4 5 4 2 : 1
3 2 5 -1 -1 : 2
2 2 4 2 : 3
2 9 -2 -2 : 1
7 9 : 9
2 2 4 5 : 2
2 2 4 4 : 1
7 5 : 12
7 7 : 6
9 10 9 4 : 1
7 2 : 1
2 2 -3 -2 : 1
7 5 5 4 : 3
5 7 11 11 12 : 1
0 5 7 11 : 2
3 2 3 2 0 : 1
2 4 -1 : 2
10 9 7 9 7 : 1
12 14 9 10 : 2
-1 0 5 7 11 : 1
4 5 9 : 1
5 -1 : 5
5 7 5 7 5 : 2
-3 -5 -5 : 1
5 7 5 5 : 2
5 7 5 7 : 2
12 14 12 14 : 1
0 -1 -1 -1 : 1
4 5 7 : 10
14 12 15 14 12 : 1
9 -2 -2 2 : 1
5 4 4 2 : 2
5 7 11 11 : 3
4 5 4 5 2 : 1
-1 0 2 9 : 1
4 5 7 10 9 : 2
-1 0 2 4 : 1
-1 0 2 5 : 1
12 15 14 12 14 : 1
-1 0 2 0 : 1
-1 0 2 2 : 1
0 -1 0 : 2
4 2 4 4 : 1
4 2 4 2 : 2
11 12 14 9 : 1
2 4 4 5 4 : 1
12 12 14 9 : 1
9 7 5 4 : 1
5 -1 -1 : 4
-3 -5 : 1
-3 -2 : 4
12 14 12 14 12 : 1
9 10 14 : 1
9 7 5 : 2
7 12 : 2
7 10 : 3
7 11 : 5
7 7 7 12 : 1
-5 -5 : 2
4 2 3 : 4
4 2 2 : 4
0 2 0 3 : 3
4 5 2 3 : 4
5 4 5 4 2 : 3
5 4 5 4 5 : 2
5 4 5 4 4 : 2
-1 -1 : 8
5 9 7 : 3
7 7 12 10 : 1
0 -3 : 2
0 -1 : 3
-2 2 : 3
11 12 15 14 12 : 1
4 2 3 2 : 4
7 9 10 9 4 : 1
-3 -2 -2 : 1
0 3 2 5 : 3
12 11 12 : 3
11 12 9 : 2
5 7 5 4 2 : 1
2 0 4 2 : 1
5 7 5 4 5 : 1
-1 0 2 0 2 : 1
