2 -1 0 -1 -1 -1 -1 0
-1 0 2 9 -2 -2 2 3 2
0 3 2 5 -1 -1 0
-1 0 2 4 5 4 5 4 2
0 4 2 4 5 7
5 9 7 9 7 9 4 5 4 2
0 4 2 4 5 7 5 7 5 5 4 5 4 4 2
0 3 2 5 -1 -1 0 
-1 0 2 0 2 0 3 2
0 4 2 4 5 4 2 
2 4 5 7 10 9 10 9 7
5 7 11 12 11 12
11 12 14 9 10 9 7
5 9 7 9 7 9 10 9 4 5 4 2 
2 4 5 7 5 7 5 5 4 5 4 4 2
0 4 2 4 5 4 2
2 3 2 0 
2 3 2 0
5 -1 -1 0 -1 0 2 
2 -3 -2 -2 
2 4 5 4 5 2 3 2 0
2 0 5 -1 -1 0 -1 0 2 5 
9 10 9 7 
7 7 2 0 4 2
4 2 4 5 4
2 3 2 0
-1 0 2 2 -3 -2
-2 -3 -5 -5 -5 
2 4 2 4 2
2 4 2 4 5 4 5 4 5
7 9 7 10 9 10 
4 5 4 2 2 4 2 4 5 2 3 2 0
2 4 -1
-1 0 -3 -2 2
0 3 2 5 -1 
-1 -1 0 5 7 11 11
12 12 12 
12 12 11 12 15 14
12 11 12 15 14 12
9 4 5 2 3 0 2 0 3 2 
2 2 4 2 
4 2 4 5 7 7 7 12 10
10 9 7 5
4 2 2 4 2 4 5 4 2 3 2 0 
2 4 -1
0 5 4 2
2 4 5 4 5 4 2 3 2 0 
2 0
2 -1 0 -3 -2 2
2 0 2 0 3 
3 2 2 4 4 5
4 2 2 4 5 7 7 5
5 7 5 4 2
4 2 4 4 5 4 2 3 2 0 
4 5 7 
7 9 7 9 7
7 9 4
5 4 2 2 4 5 9 7 
9 7 7 5 4 5 4 5 
2 4 5 7 10 9 7 
5 7 11 11
12 12 14 9 10 9 7 
9 7 7 5 5 4 
4 2 4 2 4 5
5 2 4 5
5 2 3 2 3 2 0
2 0 5 7 11
11 11 11 12 14
14 9 10 14
14 12 15 14 12 14 11
11 12 9 7
4 5 4 5 4 2 3 2 0
2 0 
10 9 7 5 4 2 
2 4 5 7 12 10 9
7 5 7 11 11 12 
11 12 14 12 14 12
12 15 14 12 16 11 12 9
9 10 9 7 9 7
9 4 5 2 4 5 7 5 4 5 2 3 2 0
5 4 2
2 3 2 0
2 -1 0